# unix_time, cycles_done, cur_path, paths_total, pending_total, pending_favs, map_size, unique_crashes, unique_hangs, max_depth, execs_per_sec
1728896356, 0, 2, 5, 5, 2, 9.46%, 0, 0, 2, 25.08
1728896361, 0, 2, 16, 16, 2, 9.68%, 0, 0, 2, 32.91
1728896366, 0, 2, 27, 27, 2, 9.71%, 0, 0, 2, 35.02
1728896371, 0, 2, 39, 39, 2, 9.79%, 0, 0, 2, 37.89
1728896376, 0, 2, 54, 54, 2, 9.81%, 0, 0, 2, 37.48
1728896381, 0, 2, 64, 64, 2, 9.82%, 0, 0, 2, 38.08
1728896387, 0, 2, 75, 75, 2, 9.83%, 0, 0, 2, 36.33
1728896392, 0, 2, 84, 84, 2, 9.83%, 0, 0, 2, 36.65
1728896397, 0, 2, 94, 94, 2, 9.83%, 0, 0, 2, 36.30
1728896402, 0, 2, 101, 101, 2, 9.85%, 0, 0, 2, 37.26
1728896407, 0, 2, 108, 108, 2, 9.89%, 0, 0, 2, 38.76
1728896412, 0, 2, 114, 114, 2, 9.90%, 0, 0, 2, 39.34
1728896417, 0, 2, 119, 119, 2, 9.90%, 0, 0, 2, 37.79
1728896422, 0, 2, 126, 126, 2, 9.91%, 0, 0, 2, 36.54
1728896428, 0, 2, 130, 130, 2, 9.91%, 0, 0, 2, 36.86
1728896433, 0, 2, 134, 134, 2, 9.96%, 0, 0, 2, 39.96
1728896438, 0, 2, 138, 138, 2, 9.96%, 0, 0, 2, 40.12
1728896443, 0, 2, 140, 140, 2, 9.96%, 0, 0, 2, 41.25
1728896448, 0, 46, 142, 141, 0, 9.97%, 0, 0, 3, 32.02
1728896453, 0, 46, 144, 143, 0, 9.98%, 0, 0, 3, 29.01
1728896458, 0, 46, 145, 144, 0, 9.98%, 0, 0, 3, 28.07
1728896463, 0, 46, 146, 145, 0, 9.98%, 0, 0, 3, 27.84
1728896479, 0, 46, 147, 146, 0, 9.98%, 0, 0, 3, 27.96
1728896500, 0, 46, 149, 148, 0, 9.98%, 0, 0, 3, 27.65
1728896505, 0, 46, 150, 149, 0, 9.98%, 0, 0, 3, 28.07
1728896520, 0, 123, 150, 148, 0, 9.98%, 0, 0, 3, 38.85
1728896525, 1, 1, 158, 155, 4294967295, 10.04%, 0, 0, 3, 35.63
1728896530, 1, 1, 162, 159, 4294967295, 10.07%, 0, 0, 3, 39.05
1728896535, 1, 1, 169, 166, 4294967295, 10.12%, 0, 0, 3, 39.37
1728896541, 1, 1, 174, 171, 4294967295, 10.12%, 0, 0, 3, 38.63
1728896546, 1, 1, 177, 174, 4294967295, 10.12%, 0, 0, 3, 39.78
1728896551, 1, 1, 179, 176, 4294967295, 10.12%, 0, 0, 3, 38.15
1728896556, 1, 1, 180, 177, 4294967295, 10.12%, 0, 0, 3, 37.93
1728896566, 1, 178, 181, 177, 4, 10.12%, 0, 0, 3, 39.63
1728896577, 1, 178, 182, 178, 4, 10.12%, 0, 0, 3, 27.63
1728896582, 2, 164, 182, 177, 0, 10.12%, 0, 0, 3, 37.05
1728896587, 2, 172, 182, 176, 4294967295, 10.12%, 0, 0, 3, 40.74
1728896592, 2, 172, 189, 183, 4294967295, 10.12%, 0, 0, 3, 39.12
1728896597, 2, 172, 191, 185, 4294967295, 10.12%, 0, 0, 3, 38.24
1728896602, 2, 172, 193, 187, 4294967295, 10.12%, 0, 0, 3, 38.62
1728896607, 2, 172, 195, 189, 4294967295, 10.12%, 0, 0, 3, 37.95
1728896612, 2, 172, 197, 191, 4294967295, 10.12%, 0, 0, 3, 38.54
1728896617, 2, 172, 198, 192, 4294967295, 10.12%, 0, 0, 3, 39.11
1728896622, 2, 172, 200, 194, 4294967295, 10.12%, 0, 0, 3, 38.66
1728896627, 2, 172, 201, 195, 4294967295, 10.12%, 0, 0, 3, 39.60
1728896633, 2, 172, 205, 199, 4294967295, 10.16%, 0, 0, 3, 37.56
1728896638, 2, 172, 208, 202, 4294967295, 10.16%, 0, 0, 3, 38.35
1728896643, 5, 102, 209, 202, 5, 10.16%, 0, 0, 3, 39.71
1728896648, 5, 149, 209, 201, 5, 10.16%, 0, 0, 3, 38.22
1728896663, 6, 159, 209, 200, 4, 10.16%, 0, 0, 3, 38.83
1728896668, 7, 70, 209, 199, 4, 10.16%, 0, 0, 3, 41.11
1728896673, 7, 70, 210, 200, 4, 10.16%, 0, 0, 3, 40.77
1728896678, 7, 154, 211, 200, 4, 10.16%, 0, 0, 3, 31.98
1728896689, 8, 167, 211, 199, 4, 10.16%, 0, 0, 3, 34.40
1728896699, 9, 154, 213, 200, 3, 10.16%, 0, 0, 3, 39.40
1728896704, 9, 154, 215, 202, 3, 10.16%, 0, 0, 3, 38.33
1728896709, 9, 154, 217, 204, 3, 10.17%, 0, 0, 3, 38.17
1728896714, 9, 154, 218, 205, 3, 10.17%, 0, 0, 3, 36.95
1728896719, 9, 154, 220, 207, 3, 10.28%, 0, 0, 3, 37.42
1728896724, 9, 154, 221, 208, 3, 10.28%, 0, 0, 3, 38.43
1728896745, 9, 154, 223, 210, 3, 10.29%, 0, 0, 3, 39.08
1728896750, 9, 178, 224, 211, 4, 10.29%, 0, 0, 3, 32.61
1728896760, 10, 167, 224, 211, 0, 10.29%, 0, 0, 3, 31.99
1728896771, 10, 199, 225, 212, 0, 10.29%, 0, 0, 4, 40.06
1728896781, 11, 148, 227, 213, 4294967295, 10.29%, 0, 0, 4, 34.74
1728896791, 12, 159, 228, 213, 0, 10.29%, 0, 0, 4, 29.86
1728896801, 12, 196, 228, 213, 0, 10.29%, 0, 0, 4, 40.17
1728896806, 13, 159, 228, 212, 4294967295, 10.29%, 0, 0, 4, 41.40
1728896816, 14, 0, 228, 212, 4294967295, 10.29%, 0, 0, 4, 41.49
1728896822, 14, 21, 230, 213, 6, 10.29%, 0, 0, 4, 37.07
1728896827, 14, 21, 231, 214, 6, 10.29%, 0, 0, 4, 29.47
1728896832, 14, 21, 232, 215, 6, 10.29%, 0, 0, 4, 27.99
1728896837, 15, 196, 233, 215, 0, 10.29%, 0, 0, 4, 33.71
1728896847, 16, 8, 233, 215, 0, 10.29%, 0, 0, 4, 40.26
1728896852, 17, 109, 234, 215, 8, 10.29%, 0, 0, 4, 40.13
1728896862, 18, 0, 234, 214, 8, 10.29%, 0, 0, 4, 30.31
1728896867, 18, 0, 235, 215, 8, 10.29%, 0, 0, 4, 27.73
1728896872, 18, 164, 235, 215, 0, 10.29%, 0, 0, 4, 35.58
1728896877, 18, 167, 235, 215, 0, 10.29%, 0, 0, 4, 40.12
1728896888, 20, 123, 235, 215, 0, 10.29%, 0, 0, 4, 42.03
1728896893, 21, 100, 235, 215, 0, 10.29%, 0, 0, 4, 40.50
1728896898, 21, 100, 236, 216, 0, 10.29%, 0, 0, 4, 40.23
1728896903, 21, 227, 236, 215, 7, 10.29%, 0, 0, 4, 30.35
1728896928, 21, 227, 239, 218, 7, 10.29%, 0, 0, 5, 27.75
1728896933, 21, 227, 242, 221, 7, 10.29%, 0, 0, 5, 27.53
1728896938, 21, 227, 244, 223, 7, 10.29%, 0, 0, 5, 27.35
1728896949, 21, 227, 246, 225, 7, 10.29%, 0, 0, 5, 26.97
1728896954, 21, 227, 250, 229, 7, 10.29%, 0, 0, 5, 27.13
1728896959, 22, 173, 251, 229, 0, 10.29%, 0, 0, 5, 34.98
1728896969, 23, 7, 252, 229, 4294967295, 10.29%, 0, 0, 5, 40.78
1728896974, 23, 248, 253, 229, 6, 10.29%, 0, 0, 5, 35.02
1728896995, 23, 248, 254, 230, 6, 10.29%, 0, 0, 6, 27.51
1728897015, 23, 248, 255, 231, 6, 10.29%, 0, 0, 6, 27.98
1728897020, 24, 196, 255, 230, 0, 10.29%, 0, 0, 6, 30.58
1728897030, 25, 144, 255, 230, 0, 10.29%, 0, 0, 6, 39.31
1728897035, 25, 144, 259, 234, 0, 10.29%, 0, 0, 6, 39.51
1728897041, 27, 123, 259, 233, 7, 10.29%, 0, 0, 6, 42.40
1728897046, 28, 21, 259, 233, 7, 10.29%, 0, 0, 6, 40.65
1728897056, 28, 148, 259, 233, 7, 10.29%, 0, 0, 6, 31.07
1728897061, 28, 148, 260, 234, 7, 10.29%, 0, 0, 6, 28.44
1728897066, 29, 159, 260, 234, 0, 10.29%, 0, 0, 6, 36.85
1728897071, 30, 1, 260, 234, 0, 10.29%, 0, 0, 6, 39.79
1728897082, 30, 237, 261, 235, 0, 10.29%, 0, 0, 6, 30.26
1728897102, 30, 237, 263, 237, 0, 10.29%, 0, 0, 6, 27.46
1728897107, 30, 237, 265, 239, 0, 10.29%, 0, 0, 6, 27.40
1728897117, 30, 237, 266, 240, 0, 10.29%, 0, 0, 6, 27.45
1728897162, 30, 237, 267, 241, 0, 10.29%, 0, 0, 6, 27.56
1728897173, 31, 196, 267, 240, 0, 10.29%, 0, 0, 6, 37.04
1728897178, 31, 239, 268, 241, 0, 10.29%, 0, 0, 6, 40.18
1728897203, 31, 239, 269, 242, 0, 10.29%, 0, 0, 6, 40.32
1728897214, 31, 239, 271, 244, 0, 10.29%, 0, 0, 6, 40.55
1728897224, 31, 262, 273, 245, 7, 10.29%, 0, 0, 7, 31.00
1728897229, 31, 262, 277, 249, 7, 10.29%, 0, 0, 7, 28.31
1728897234, 31, 262, 279, 251, 7, 10.29%, 0, 0, 7, 27.85
1728897239, 31, 262, 281, 253, 7, 10.29%, 0, 0, 7, 27.32
1728897244, 31, 262, 285, 257, 7, 10.29%, 0, 0, 7, 27.55
1728897249, 31, 262, 288, 260, 7, 10.29%, 0, 0, 7, 27.14
1728897254, 31, 262, 289, 261, 7, 10.29%, 0, 0, 7, 27.22
1728897259, 31, 262, 290, 262, 7, 10.29%, 0, 0, 7, 27.37
1728897264, 31, 262, 293, 265, 7, 10.29%, 0, 0, 7, 27.18
1728897269, 31, 262, 296, 268, 7, 10.29%, 0, 0, 7, 27.45
1728897275, 31, 262, 298, 270, 7, 10.29%, 0, 0, 7, 27.69
1728897280, 31, 262, 300, 272, 7, 10.29%, 0, 0, 7, 27.33
1728897285, 31, 262, 302, 274, 7, 10.29%, 0, 0, 7, 26.90
1728897290, 31, 262, 305, 277, 7, 10.29%, 0, 0, 7, 27.26
1728897305, 31, 262, 306, 278, 7, 10.29%, 0, 0, 7, 27.51
1728897310, 31, 262, 307, 279, 7, 10.29%, 0, 0, 7, 27.66
1728897320, 31, 262, 309, 281, 7, 10.29%, 0, 0, 7, 27.38
1728897325, 31, 262, 311, 283, 7, 10.29%, 0, 0, 7, 27.59
1728897331, 32, 196, 311, 282, 0, 10.29%, 0, 0, 7, 31.54
1728897341, 33, 124, 314, 285, 0, 10.29%, 0, 0, 7, 38.79
1728897351, 33, 124, 316, 287, 0, 10.29%, 0, 0, 7, 39.12
1728897356, 33, 124, 317, 288, 0, 10.32%, 0, 0, 7, 37.94
1728897361, 33, 124, 318, 289, 0, 10.32%, 0, 0, 7, 38.00
1728897371, 33, 124, 319, 290, 0, 10.32%, 0, 0, 7, 39.01
1728897376, 33, 124, 320, 291, 0, 10.32%, 0, 0, 7, 38.72
1728897387, 33, 124, 322, 293, 0, 10.32%, 0, 0, 7, 38.19
1728897392, 33, 157, 323, 293, 7, 10.32%, 0, 0, 7, 32.02
1728897402, 34, 164, 323, 292, 7, 10.32%, 0, 0, 7, 31.10
1728897412, 34, 275, 323, 292, 7, 10.32%, 0, 0, 7, 39.06
1728897417, 34, 275, 326, 295, 7, 10.37%, 0, 0, 8, 39.04
1728897422, 34, 275, 327, 296, 7, 10.37%, 0, 0, 8, 38.77
1728897432, 34, 275, 328, 297, 7, 10.37%, 0, 0, 8, 38.57
1728897438, 34, 275, 329, 298, 7, 10.41%, 0, 0, 8, 38.33
1728897448, 34, 275, 331, 300, 7, 10.41%, 0, 0, 8, 37.77
1728897453, 34, 275, 333, 302, 7, 10.41%, 0, 0, 8, 37.05
1728897458, 34, 275, 334, 303, 7, 10.41%, 0, 0, 8, 38.26
1728897463, 34, 275, 336, 305, 7, 10.41%, 0, 0, 8, 39.57
1728897478, 35, 157, 336, 304, 6, 10.41%, 0, 0, 8, 32.21
1728897489, 35, 318, 336, 304, 6, 10.41%, 0, 0, 8, 35.60
1728897504, 36, 128, 336, 303, 5, 10.41%, 0, 0, 8, 38.37
1728897509, 38, 288, 336, 302, 5, 10.41%, 0, 0, 8, 37.70
1728897529, 38, 288, 339, 305, 5, 10.48%, 0, 0, 8, 37.19
1728897540, 39, 240, 339, 304, 6, 10.48%, 0, 0, 8, 33.30
1728897545, 39, 240, 340, 305, 6, 10.48%, 0, 0, 8, 29.04
1728897550, 39, 240, 341, 306, 6, 10.48%, 0, 0, 8, 28.00
1728897555, 39, 240, 342, 307, 6, 10.48%, 0, 0, 8, 27.64
1728897565, 39, 240, 343, 308, 6, 10.48%, 0, 0, 8, 27.54
1728897626, 40, 318, 343, 307, 0, 10.48%, 0, 0, 8, 28.56
1728897641, 41, 1, 343, 307, 0, 10.48%, 0, 0, 8, 40.42
1728897646, 41, 274, 344, 308, 0, 10.48%, 0, 0, 8, 34.90
1728897687, 41, 274, 345, 309, 0, 10.48%, 0, 0, 8, 27.27
1728897692, 42, 196, 345, 308, 0, 10.48%, 0, 0, 8, 34.13
1728897697, 42, 217, 345, 308, 0, 10.48%, 0, 0, 8, 39.79
1728897707, 42, 217, 346, 309, 0, 10.48%, 0, 0, 8, 37.57
1728897717, 42, 305, 347, 309, 7, 10.48%, 0, 0, 8, 30.18
1728897727, 42, 305, 350, 312, 7, 10.48%, 0, 0, 8, 27.28
1728897733, 42, 305, 352, 314, 7, 10.48%, 0, 0, 8, 27.34
1728897743, 42, 305, 353, 315, 7, 10.48%, 0, 0, 8, 27.28
1728897753, 42, 305, 354, 316, 7, 10.48%, 0, 0, 8, 27.71
1728897758, 42, 305, 355, 317, 7, 10.48%, 0, 0, 8, 27.14
1728897768, 42, 305, 356, 318, 7, 10.48%, 0, 0, 8, 27.39
1728897773, 42, 305, 357, 319, 7, 10.48%, 0, 0, 8, 27.32
1728897779, 42, 305, 359, 321, 7, 10.48%, 0, 0, 8, 27.72
1728897789, 42, 305, 360, 322, 7, 10.48%, 0, 0, 8, 27.50
1728897814, 43, 196, 360, 321, 0, 10.48%, 0, 0, 8, 34.60
1728897820, 43, 263, 360, 321, 0, 10.48%, 0, 0, 8, 39.39
1728897845, 43, 263, 361, 322, 0, 10.48%, 0, 0, 8, 39.91
1728897850, 44, 147, 361, 321, 7, 10.48%, 0, 0, 8, 30.81
1728897860, 45, 167, 361, 320, 7, 10.48%, 0, 0, 8, 36.78
1728897866, 45, 335, 362, 321, 7, 10.48%, 0, 0, 9, 38.50
1728897871, 45, 335, 363, 322, 7, 10.51%, 0, 0, 9, 38.33
1728897886, 45, 335, 365, 324, 7, 10.51%, 0, 0, 9, 38.24
1728897891, 45, 335, 367, 326, 7, 10.51%, 0, 0, 9, 38.20
1728897896, 45, 335, 368, 327, 7, 10.51%, 0, 0, 9, 38.44
1728897922, 45, 335, 369, 328, 7, 10.51%, 0, 0, 9, 38.96
1728897932, 46, 230, 369, 327, 6, 10.51%, 0, 0, 9, 32.57
1728897937, 46, 230, 370, 328, 6, 10.51%, 0, 0, 9, 28.49
1728897962, 47, 196, 370, 327, 0, 10.51%, 0, 0, 9, 37.07
1728897968, 48, 8, 370, 327, 0, 10.51%, 0, 0, 9, 39.01
1728897978, 48, 356, 370, 327, 0, 10.51%, 0, 0, 9, 29.90
1728897988, 48, 356, 371, 328, 0, 10.51%, 0, 0, 9, 27.55
1728897998, 48, 356, 372, 329, 0, 10.51%, 0, 0, 9, 27.42
1728898008, 48, 356, 374, 331, 0, 10.51%, 0, 0, 9, 27.38
1728898044, 48, 356, 375, 332, 0, 10.51%, 0, 0, 9, 27.36
1728898064, 49, 110, 375, 331, 0, 10.51%, 0, 0, 9, 28.99
1728898074, 49, 244, 375, 330, 0, 10.51%, 0, 0, 9, 38.04
1728898090, 49, 244, 376, 331, 0, 10.51%, 0, 0, 9, 39.53
1728898100, 50, 241, 376, 330, 7, 10.51%, 0, 0, 9, 33.24
1728898120, 50, 241, 378, 332, 7, 10.51%, 0, 0, 9, 27.45
1728898130, 50, 241, 379, 333, 7, 10.51%, 0, 0, 9, 26.96
1728898135, 50, 241, 380, 334, 7, 10.51%, 0, 0, 9, 27.26
1728898156, 51, 196, 380, 333, 0, 10.51%, 0, 0, 9, 37.84
1728898161, 51, 287, 381, 334, 0, 10.51%, 0, 0, 9, 38.20
1728898201, 52, 0, 381, 333, 6, 10.51%, 0, 0, 9, 31.14
1728898212, 53, 123, 381, 333, 6, 10.51%, 0, 0, 9, 36.53
1728898217, 53, 376, 381, 333, 6, 10.51%, 0, 0, 9, 39.14
1728898242, 54, 369, 381, 332, 6, 10.51%, 0, 0, 9, 30.54
1728898258, 54, 369, 382, 333, 6, 10.51%, 0, 0, 9, 27.28
1728898263, 54, 369, 383, 334, 6, 10.51%, 0, 0, 9, 27.15
1728898268, 54, 369, 384, 335, 6, 10.51%, 0, 0, 9, 27.27
1728898273, 54, 369, 385, 336, 6, 10.51%, 0, 0, 9, 27.43
1728898293, 56, 159, 385, 335, 0, 10.51%, 0, 0, 9, 35.58
1728898298, 56, 349, 385, 335, 0, 10.51%, 0, 0, 9, 39.42
1728898329, 56, 349, 386, 336, 0, 10.51%, 0, 0, 9, 38.67
1728898339, 57, 310, 388, 337, 8, 10.51%, 0, 0, 9, 32.22
1728898354, 57, 310, 389, 338, 8, 10.51%, 0, 0, 9, 27.37
1728898369, 57, 310, 390, 339, 8, 10.51%, 0, 0, 9, 26.87
1728898380, 57, 310, 391, 340, 8, 10.51%, 0, 0, 9, 27.11
1728898390, 57, 310, 392, 341, 8, 10.51%, 0, 0, 9, 27.06
1728898405, 57, 310, 393, 342, 8, 10.51%, 0, 0, 9, 27.57
1728898430, 58, 110, 393, 341, 0, 10.51%, 0, 0, 9, 31.90
1728898440, 58, 339, 393, 341, 0, 10.51%, 0, 0, 9, 37.29
1728898471, 60, 196, 393, 340, 0, 10.51%, 0, 0, 9, 39.11
1728898476, 60, 265, 393, 340, 0, 10.51%, 0, 0, 9, 39.81
1728898502, 60, 380, 394, 340, 0, 10.51%, 0, 0, 9, 30.08
1728898588, 61, 196, 394, 339, 0, 10.51%, 0, 0, 9, 37.59
1728898593, 61, 380, 394, 339, 0, 10.51%, 0, 0, 9, 39.14
1728898598, 61, 380, 395, 340, 0, 10.51%, 0, 0, 9, 38.75
1728898619, 61, 380, 396, 341, 0, 10.51%, 0, 0, 9, 37.82
1728898624, 61, 380, 397, 342, 0, 10.51%, 0, 0, 9, 37.72
1728898650, 62, 328, 398, 343, 6, 10.51%, 0, 0, 9, 31.18
1728898655, 62, 328, 399, 344, 6, 10.51%, 0, 0, 9, 28.34
1728898736, 63, 318, 399, 343, 0, 10.51%, 0, 0, 9, 36.57
1728898751, 64, 231, 399, 343, 0, 10.51%, 0, 0, 9, 36.07
1728898762, 64, 231, 400, 344, 0, 10.51%, 0, 0, 9, 35.17
1728898767, 64, 332, 401, 344, 0, 10.51%, 0, 0, 9, 32.43
1728898834, 65, 164, 401, 343, 4294967295, 10.51%, 0, 0, 9, 38.28
1728898839, 65, 305, 401, 343, 4294967295, 10.51%, 0, 0, 9, 38.45
1728898864, 66, 299, 401, 343, 4294967295, 10.51%, 0, 0, 9, 31.43
1728898874, 66, 299, 402, 344, 4294967295, 10.51%, 0, 0, 9, 27.54
1728898920, 67, 318, 402, 343, 0, 10.51%, 0, 0, 9, 31.29
1728898935, 67, 364, 402, 343, 0, 10.51%, 0, 0, 9, 39.34
1728898940, 67, 364, 403, 344, 0, 10.51%, 0, 0, 10, 38.82
1728898946, 67, 364, 404, 345, 0, 10.51%, 0, 0, 10, 37.93
1728898997, 68, 240, 404, 344, 8, 10.51%, 0, 0, 10, 35.30
1728899042, 69, 299, 404, 344, 8, 10.51%, 0, 0, 10, 34.95
1728899063, 69, 359, 404, 344, 8, 10.51%, 0, 0, 10, 36.74
1728899103, 69, 359, 405, 345, 8, 10.51%, 0, 0, 10, 27.46
1728899134, 70, 110, 405, 344, 0, 10.51%, 0, 0, 10, 37.33
1728899139, 70, 299, 405, 344, 0, 10.51%, 0, 0, 10, 38.78
1728899160, 70, 299, 406, 345, 0, 10.51%, 0, 0, 10, 38.04
1728899170, 71, 276, 406, 345, 8, 10.51%, 0, 0, 10, 29.96
1728899175, 71, 276, 407, 346, 8, 10.51%, 0, 0, 10, 27.88
1728899226, 72, 173, 407, 345, 0, 10.51%, 0, 0, 10, 33.89
1728899231, 73, 86, 407, 345, 0, 10.51%, 0, 0, 10, 38.11
1728899236, 73, 86, 408, 346, 0, 10.51%, 0, 0, 10, 38.30
1728899241, 73, 389, 408, 345, 8, 10.51%, 0, 0, 10, 32.33
1728899251, 73, 389, 409, 346, 8, 10.51%, 0, 0, 10, 27.73
1728899256, 73, 389, 410, 347, 8, 10.51%, 0, 0, 10, 27.55
1728899277, 73, 389, 411, 348, 8, 10.51%, 0, 0, 10, 27.50
1728899297, 73, 389, 412, 349, 8, 10.51%, 0, 0, 10, 27.46
1728899332, 75, 159, 412, 348, 0, 10.51%, 0, 0, 10, 34.98
1728899338, 76, 109, 412, 348, 0, 10.51%, 0, 0, 10, 38.07
1728899348, 78, 110, 412, 348, 0, 10.51%, 0, 0, 10, 39.34
1728899353, 78, 381, 412, 348, 0, 10.51%, 0, 0, 10, 40.20
1728899852, 79, 234, 412, 347, 0, 10.51%, 0, 0, 10, 32.33
1728899872, 80, 110, 412, 346, 0, 10.51%, 0, 0, 10, 34.24
1728899877, 81, 104, 412, 346, 0, 10.51%, 0, 0, 10, 38.86
1728899887, 81, 351, 412, 345, 0, 10.51%, 0, 0, 10, 32.19
1728899923, 81, 351, 413, 346, 0, 10.51%, 0, 0, 10, 27.59
1728899953, 82, 279, 413, 345, 0, 10.51%, 0, 0, 10, 32.74
