# unix_time, cycles_done, cur_path, paths_total, pending_total, pending_favs, map_size, unique_crashes, unique_hangs, max_depth, execs_per_sec
1729055174, 0, 0, 4, 4, 2, 9.27%, 0, 0, 1, 35.61
1729055179, 0, 0, 9, 9, 2, 9.52%, 0, 0, 2, 38.62
1729055184, 0, 0, 19, 19, 2, 9.74%, 0, 0, 2, 38.65
1729055200, 0, 0, 21, 21, 2, 9.75%, 0, 0, 2, 31.92
1729055205, 0, 0, 25, 25, 2, 9.80%, 0, 0, 2, 41.46
1729055210, 0, 0, 31, 31, 2, 9.88%, 0, 0, 2, 35.15
1729055215, 0, 0, 32, 32, 2, 9.89%, 0, 0, 2, 32.31
1729055220, 0, 0, 35, 35, 2, 9.89%, 0, 0, 2, 30.83
1729055225, 0, 0, 45, 45, 2, 10.06%, 0, 0, 2, 32.81
1729055230, 0, 0, 46, 46, 2, 10.06%, 0, 0, 2, 31.00
1729055235, 0, 0, 48, 48, 2, 10.06%, 0, 0, 2, 31.71
1729055240, 0, 0, 52, 52, 2, 10.08%, 0, 0, 2, 32.47
1729055246, 0, 0, 53, 53, 2, 10.08%, 0, 0, 2, 30.00
1729055266, 0, 0, 56, 56, 2, 10.10%, 0, 0, 2, 32.65
1729055271, 0, 0, 57, 57, 2, 10.11%, 0, 0, 2, 39.91
1729055286, 0, 0, 58, 58, 2, 10.11%, 0, 0, 2, 35.24
1729055296, 0, 0, 59, 59, 2, 10.11%, 0, 0, 2, 31.31
1729055307, 0, 0, 60, 60, 2, 10.11%, 0, 0, 2, 32.55
1729055317, 0, 0, 62, 62, 2, 10.13%, 0, 0, 2, 31.48
1729055322, 0, 0, 64, 64, 2, 10.13%, 0, 0, 2, 31.12
1729055347, 0, 0, 65, 65, 2, 10.13%, 0, 0, 2, 37.88
1729055383, 0, 0, 67, 67, 2, 10.28%, 0, 0, 2, 33.10
1729055398, 0, 0, 68, 68, 2, 10.28%, 0, 0, 2, 30.99
1729055449, 0, 0, 69, 69, 2, 10.28%, 0, 0, 2, 35.36
1729055577, 0, 0, 70, 70, 2, 10.28%, 0, 0, 2, 33.51
1729055623, 0, 0, 71, 71, 2, 10.28%, 0, 0, 2, 30.27
1729055659, 0, 0, 72, 72, 2, 10.28%, 0, 0, 2, 31.94
1729055679, 0, 0, 73, 73, 2, 10.28%, 0, 0, 2, 29.49
1729055705, 0, 0, 74, 74, 2, 10.28%, 0, 0, 2, 36.21
1729055725, 0, 0, 75, 75, 2, 10.29%, 0, 0, 2, 36.96
1729055812, 0, 0, 76, 76, 2, 10.29%, 0, 0, 2, 33.40
1729055858, 0, 0, 77, 77, 2, 10.29%, 0, 0, 2, 29.27
1729055878, 0, 0, 78, 78, 2, 10.29%, 0, 0, 2, 29.36
1729055909, 0, 0, 79, 79, 2, 10.29%, 0, 0, 2, 29.52
1729055924, 0, 0, 80, 80, 2, 10.29%, 0, 0, 2, 29.24
1729056117, 0, 0, 81, 81, 2, 10.29%, 0, 0, 2, 39.40
1729056148, 0, 0, 82, 82, 2, 10.29%, 0, 0, 2, 29.57
1729056373, 0, 0, 83, 83, 2, 10.29%, 0, 0, 2, 37.40
1729056398, 0, 0, 84, 84, 2, 10.29%, 0, 0, 2, 29.35
1729056475, 0, 0, 87, 87, 2, 10.37%, 0, 0, 2, 36.03
1729056490, 0, 0, 88, 88, 2, 10.37%, 0, 0, 2, 31.07
1729056495, 0, 0, 89, 89, 2, 10.37%, 0, 0, 2, 30.49
1729056505, 0, 0, 90, 90, 2, 10.37%, 0, 0, 2, 30.20
1729056526, 0, 0, 92, 92, 2, 10.37%, 0, 0, 2, 37.15
1729056607, 0, 0, 96, 96, 2, 10.43%, 0, 0, 2, 31.54
1729056724, 0, 0, 98, 98, 2, 10.43%, 0, 0, 2, 37.17
1729056760, 0, 0, 99, 99, 2, 10.43%, 0, 0, 2, 39.40
1729056796, 0, 0, 100, 100, 2, 10.43%, 0, 0, 2, 36.46
1729056847, 0, 0, 101, 101, 2, 10.43%, 0, 0, 2, 31.32
1729056857, 0, 0, 102, 102, 2, 10.43%, 0, 0, 2, 32.76
1729056959, 0, 0, 103, 103, 2, 10.43%, 0, 0, 2, 29.27
1729057015, 0, 0, 106, 106, 2, 10.43%, 0, 0, 2, 33.35
1729057025, 0, 0, 107, 107, 2, 10.43%, 0, 0, 2, 36.54
1729057036, 0, 0, 111, 111, 2, 10.43%, 0, 0, 2, 39.49
1729057041, 0, 0, 112, 112, 2, 10.43%, 0, 0, 2, 40.69
1729057046, 0, 0, 113, 113, 2, 10.43%, 0, 0, 2, 41.50
1729057051, 0, 0, 115, 115, 2, 10.43%, 0, 0, 2, 41.48
1729057056, 0, 0, 116, 116, 2, 10.43%, 0, 0, 2, 40.95
1729057061, 0, 0, 118, 118, 2, 10.43%, 0, 0, 2, 41.38
1729057066, 0, 0, 119, 119, 2, 10.43%, 0, 0, 2, 40.67
1729057071, 0, 0, 120, 120, 2, 10.43%, 0, 0, 2, 39.93
1729057081, 0, 0, 121, 121, 2, 10.43%, 0, 0, 2, 40.05
1729057087, 0, 0, 123, 123, 2, 10.43%, 0, 0, 2, 41.23
1729057122, 0, 0, 124, 124, 2, 10.43%, 0, 0, 2, 40.97
1729057132, 0, 0, 126, 126, 2, 10.43%, 0, 0, 2, 40.81
1729057142, 0, 0, 127, 127, 2, 10.43%, 0, 0, 2, 41.36
1729057193, 0, 2, 127, 126, 53, 10.43%, 0, 0, 2, 41.03
1729057224, 0, 2, 136, 135, 53, 10.43%, 0, 0, 2, 41.27
1729057229, 0, 2, 140, 139, 53, 10.43%, 0, 0, 2, 40.47
1729057234, 0, 2, 150, 149, 53, 10.43%, 0, 0, 2, 40.81
1729057239, 0, 2, 155, 154, 53, 10.43%, 0, 0, 2, 40.48
1729057244, 0, 2, 158, 157, 53, 10.43%, 0, 0, 2, 40.90
1729057249, 0, 2, 165, 164, 53, 10.43%, 0, 0, 2, 40.97
1729057255, 0, 2, 172, 171, 53, 10.47%, 0, 0, 2, 40.80
1729057260, 0, 2, 175, 174, 53, 10.47%, 0, 0, 2, 40.96
1729057265, 0, 2, 177, 176, 53, 10.47%, 0, 0, 2, 40.94
1729057270, 0, 2, 179, 178, 53, 10.47%, 0, 0, 2, 41.50
1729057275, 0, 2, 184, 183, 53, 10.47%, 0, 0, 2, 41.28
1729057280, 0, 2, 185, 184, 53, 10.47%, 0, 0, 2, 40.89
1729057285, 0, 2, 186, 185, 53, 10.47%, 0, 0, 2, 40.62
1729057290, 0, 2, 187, 186, 53, 10.47%, 0, 0, 2, 40.87
1729057295, 0, 2, 188, 187, 53, 10.47%, 0, 0, 2, 40.72
1729057301, 0, 2, 191, 190, 53, 10.47%, 0, 0, 2, 40.74
1729057306, 0, 2, 192, 191, 53, 10.47%, 0, 0, 2, 40.67
1729057311, 0, 2, 194, 193, 53, 10.47%, 0, 0, 2, 41.10
1729057316, 0, 2, 195, 194, 53, 10.47%, 0, 0, 2, 41.00
1729057321, 0, 2, 200, 199, 53, 10.47%, 0, 0, 2, 40.94
1729057326, 0, 2, 201, 200, 53, 10.47%, 0, 0, 2, 40.36
1729057331, 0, 2, 202, 201, 53, 10.47%, 0, 0, 2, 40.53
1729057336, 0, 2, 204, 203, 53, 10.47%, 0, 0, 2, 40.71
1729057342, 0, 2, 206, 205, 53, 10.47%, 0, 0, 2, 40.98
1729057347, 0, 2, 209, 208, 53, 10.47%, 0, 0, 2, 40.66
1729057352, 0, 2, 210, 209, 53, 10.47%, 0, 0, 2, 40.66
1729057362, 0, 2, 211, 210, 53, 10.47%, 0, 0, 2, 40.87
1729057367, 0, 2, 214, 213, 53, 10.47%, 0, 0, 2, 41.13
1729057388, 0, 2, 216, 215, 53, 10.47%, 0, 0, 2, 41.00
1729057408, 0, 2, 217, 216, 53, 10.47%, 0, 0, 2, 41.62
1729057413, 0, 2, 218, 217, 53, 10.47%, 0, 0, 2, 41.29
1729057418, 0, 2, 219, 218, 53, 10.47%, 0, 0, 2, 41.05
1729057429, 0, 2, 220, 219, 53, 10.47%, 0, 0, 2, 41.02
1729057434, 0, 2, 221, 220, 53, 10.47%, 0, 0, 2, 41.24
1729057454, 0, 2, 222, 221, 53, 10.47%, 0, 0, 2, 41.56
1729057459, 0, 2, 223, 222, 53, 10.47%, 0, 0, 2, 41.06
1729057474, 0, 2, 225, 224, 53, 10.47%, 0, 0, 2, 40.70
1729057480, 0, 2, 227, 226, 53, 10.47%, 0, 0, 2, 40.30
1729057500, 0, 2, 229, 228, 53, 10.47%, 0, 0, 2, 40.87
1729057515, 0, 2, 230, 229, 53, 10.47%, 0, 0, 2, 40.94
1729057541, 0, 2, 231, 230, 53, 10.47%, 0, 0, 2, 40.89
1729057546, 0, 2, 232, 231, 53, 10.47%, 0, 0, 2, 40.87
1729057561, 0, 2, 236, 235, 53, 10.47%, 0, 0, 2, 40.97
1729057582, 0, 2, 241, 240, 53, 10.47%, 0, 0, 2, 41.12
1729057592, 0, 2, 242, 241, 53, 10.47%, 0, 0, 2, 40.98
1729057602, 0, 2, 245, 244, 53, 10.47%, 0, 0, 2, 40.82
1729057607, 0, 2, 246, 245, 53, 10.47%, 0, 0, 2, 41.05
1729057623, 0, 2, 247, 246, 53, 10.47%, 0, 0, 2, 40.85
1729057699, 0, 2, 249, 248, 53, 10.47%, 0, 0, 2, 40.33
1729057715, 0, 2, 250, 249, 53, 10.47%, 0, 0, 2, 40.69
1729057801, 0, 2, 251, 250, 53, 10.47%, 0, 0, 2, 40.62
1729057822, 0, 2, 252, 251, 53, 10.47%, 0, 0, 2, 40.94
1729057873, 0, 2, 253, 252, 53, 10.47%, 0, 0, 2, 40.92
1729057899, 0, 2, 254, 253, 53, 10.47%, 0, 0, 2, 41.25
1729057904, 0, 2, 255, 254, 53, 10.47%, 0, 0, 2, 41.28
1729057939, 0, 2, 256, 255, 53, 10.47%, 0, 0, 2, 40.82
1729057954, 0, 2, 257, 256, 53, 10.47%, 0, 0, 2, 40.45
1729058011, 0, 2, 258, 257, 53, 10.47%, 0, 0, 2, 40.35
1729058021, 0, 2, 259, 258, 53, 10.47%, 0, 0, 2, 40.77
1729058052, 0, 2, 260, 259, 53, 10.47%, 0, 0, 2, 41.08
1729058093, 0, 2, 261, 260, 53, 10.47%, 0, 0, 2, 40.65
1729058113, 0, 2, 262, 261, 53, 10.47%, 0, 0, 2, 41.17
1729058134, 0, 2, 263, 262, 53, 10.47%, 0, 0, 2, 41.46
1729058236, 0, 2, 264, 263, 53, 10.47%, 0, 0, 2, 40.76
1729058277, 0, 2, 265, 264, 53, 10.47%, 0, 0, 2, 41.01
1729058379, 0, 2, 266, 265, 53, 10.47%, 0, 0, 2, 40.41
1729058486, 0, 2, 267, 266, 53, 10.47%, 0, 0, 2, 40.59
1729058517, 0, 2, 268, 267, 53, 10.47%, 0, 0, 2, 40.51
1729058645, 0, 2, 269, 268, 53, 10.47%, 0, 0, 2, 40.68
