# unix_time, cycles_done, cur_path, paths_total, pending_total, pending_favs, map_size, unique_crashes, unique_hangs, max_depth, execs_per_sec
1728730470, 0, 0, 8, 8, 7, 8.21%, 0, 0, 2, 20.04
1728730475, 0, 0, 14, 14, 7, 8.28%, 0, 0, 2, 21.53
1728730480, 0, 0, 16, 16, 7, 8.32%, 0, 0, 2, 19.04
1728730485, 0, 0, 26, 26, 7, 8.35%, 0, 0, 2, 25.51
1728730490, 0, 0, 33, 33, 7, 8.36%, 0, 0, 2, 19.56
1728730495, 0, 0, 41, 41, 7, 8.37%, 0, 0, 2, 22.24
1728730500, 0, 0, 51, 51, 7, 8.38%, 0, 0, 2, 20.02
1728730505, 0, 0, 61, 61, 7, 8.38%, 0, 0, 2, 19.72
1728730510, 0, 0, 70, 70, 7, 8.39%, 0, 0, 2, 18.82
1728730516, 0, 0, 78, 78, 7, 8.45%, 0, 0, 2, 22.34
1728730521, 0, 0, 86, 86, 7, 8.45%, 0, 0, 2, 20.13
1728730526, 0, 0, 95, 95, 7, 8.46%, 0, 0, 2, 18.57
1728730531, 0, 0, 98, 98, 7, 8.47%, 0, 0, 2, 15.27
1728730536, 0, 0, 106, 106, 7, 8.47%, 0, 0, 2, 18.48
1728730541, 0, 0, 112, 112, 7, 8.47%, 0, 0, 2, 20.82
1728730546, 0, 0, 118, 118, 7, 8.47%, 0, 0, 2, 22.59
1728730551, 0, 0, 125, 125, 7, 8.48%, 0, 0, 2, 19.76
1728730557, 0, 0, 132, 132, 7, 8.48%, 0, 0, 2, 19.43
1728730562, 0, 0, 138, 138, 7, 8.49%, 0, 0, 2, 19.75
1728730567, 0, 0, 144, 144, 7, 8.49%, 0, 0, 2, 21.01
1728730572, 0, 0, 149, 149, 7, 8.49%, 0, 0, 2, 17.12
1728730577, 0, 0, 154, 154, 7, 8.49%, 0, 0, 2, 18.37
1728730582, 0, 0, 160, 160, 7, 8.53%, 0, 0, 2, 20.80
1728730587, 0, 0, 166, 166, 7, 8.58%, 0, 0, 2, 19.61
1728730592, 0, 0, 170, 170, 7, 8.58%, 0, 0, 2, 19.16
1728730598, 0, 0, 177, 177, 7, 8.58%, 0, 0, 2, 19.85
1728730603, 0, 0, 182, 182, 7, 8.58%, 0, 0, 2, 18.29
1728730608, 0, 0, 186, 186, 7, 8.58%, 0, 0, 2, 18.16
1728730613, 0, 0, 192, 192, 7, 8.58%, 0, 0, 2, 20.36
1728730618, 0, 0, 199, 199, 7, 8.59%, 0, 0, 2, 22.25
1728730623, 0, 0, 200, 200, 7, 8.59%, 0, 0, 2, 21.44
1728730628, 0, 0, 204, 204, 7, 8.59%, 0, 0, 2, 20.83
1728730633, 0, 0, 208, 208, 7, 8.59%, 0, 0, 2, 19.02
1728730639, 0, 0, 211, 211, 7, 8.59%, 0, 0, 2, 18.45
1728730644, 0, 0, 216, 216, 7, 8.59%, 0, 0, 2, 19.24
1728730649, 0, 0, 220, 220, 7, 8.59%, 0, 0, 2, 18.49
1728730654, 0, 0, 223, 223, 7, 8.60%, 0, 0, 2, 17.86
1728730659, 0, 0, 226, 226, 7, 8.60%, 0, 0, 2, 17.96
1728730664, 0, 0, 231, 231, 7, 8.60%, 0, 0, 2, 18.99
1728730669, 0, 0, 236, 236, 7, 8.61%, 0, 0, 2, 19.59
1728730674, 0, 0, 239, 239, 7, 8.62%, 0, 0, 2, 18.24
1728730680, 0, 0, 242, 242, 7, 8.62%, 0, 0, 2, 15.08
1728730685, 0, 0, 246, 246, 7, 8.63%, 0, 0, 2, 16.71
1728730690, 0, 0, 249, 249, 7, 8.63%, 0, 0, 2, 18.72
1728730695, 0, 0, 252, 252, 7, 8.63%, 0, 0, 2, 18.68
1728730700, 0, 0, 256, 256, 7, 8.64%, 0, 0, 2, 19.44
1728730705, 0, 0, 257, 257, 7, 8.66%, 0, 0, 2, 21.49
1728730710, 0, 0, 258, 258, 7, 8.66%, 0, 0, 2, 19.20
1728730715, 0, 0, 260, 260, 7, 8.66%, 0, 0, 2, 18.87
1728730720, 0, 0, 264, 264, 7, 8.66%, 0, 0, 2, 16.90
1728730726, 0, 0, 267, 267, 7, 8.66%, 0, 0, 2, 17.91
1728730731, 0, 0, 271, 271, 7, 8.66%, 0, 0, 2, 18.52
1728730736, 0, 0, 273, 273, 7, 8.67%, 0, 0, 2, 16.87
1728730741, 0, 0, 275, 275, 7, 8.67%, 0, 0, 2, 16.47
1728730746, 0, 0, 278, 278, 7, 8.67%, 0, 0, 2, 16.48
1728730751, 0, 0, 282, 282, 7, 8.67%, 0, 0, 2, 16.39
1728730756, 0, 0, 283, 283, 7, 8.67%, 0, 0, 2, 16.88
1728730762, 0, 0, 286, 286, 7, 8.67%, 0, 0, 2, 16.78
1728730767, 0, 0, 290, 290, 7, 8.68%, 0, 0, 2, 17.70
1728730772, 0, 0, 292, 292, 7, 8.68%, 0, 0, 2, 18.17
1728730777, 0, 0, 293, 293, 7, 8.68%, 0, 0, 2, 16.78
1728730782, 0, 0, 294, 294, 7, 8.68%, 0, 0, 2, 17.78
1728730787, 0, 0, 295, 295, 7, 8.68%, 0, 0, 2, 19.65
1728730792, 0, 0, 296, 295, 5, 8.68%, 0, 0, 2, 18.84
1728730797, 0, 0, 298, 297, 5, 8.68%, 0, 0, 2, 20.13
1728730808, 0, 0, 301, 300, 5, 8.68%, 0, 0, 2, 19.88
1728730813, 0, 0, 302, 301, 5, 8.68%, 0, 0, 2, 19.82
1728730818, 0, 0, 303, 302, 5, 8.68%, 0, 0, 2, 15.59
1728730828, 0, 0, 304, 303, 5, 8.68%, 0, 0, 2, 19.38
1728730833, 0, 0, 305, 304, 5, 8.68%, 0, 0, 2, 19.18
1728730838, 0, 0, 306, 305, 5, 8.68%, 0, 0, 2, 18.63
1728730843, 0, 0, 308, 307, 5, 8.68%, 0, 0, 2, 16.86
1728730849, 0, 0, 311, 310, 5, 8.68%, 0, 0, 2, 15.10
1728730854, 0, 0, 312, 311, 5, 8.68%, 0, 0, 2, 14.27
1728730859, 0, 0, 315, 314, 5, 8.69%, 0, 0, 2, 15.20
1728730864, 0, 0, 316, 315, 5, 8.69%, 0, 0, 2, 15.87
1728730869, 0, 0, 317, 316, 5, 8.69%, 0, 0, 2, 15.95
1728730879, 0, 0, 319, 318, 5, 8.69%, 0, 0, 2, 16.51
1728730890, 0, 0, 320, 319, 5, 8.69%, 0, 0, 2, 18.23
1728730895, 0, 0, 321, 320, 5, 8.69%, 0, 0, 2, 16.71
1728730900, 0, 110, 321, 320, 0, 8.69%, 0, 0, 2, 15.07
1728730905, 0, 110, 325, 324, 0, 8.69%, 0, 0, 3, 13.73
1728730915, 0, 110, 327, 326, 0, 8.69%, 0, 0, 3, 12.78
1728730930, 0, 110, 328, 327, 0, 8.69%, 0, 0, 3, 12.66
1728730935, 0, 110, 329, 328, 0, 8.69%, 0, 0, 3, 12.43
1728730946, 0, 110, 330, 329, 0, 8.69%, 0, 0, 3, 14.30
1728730966, 0, 267, 331, 329, 0, 8.69%, 0, 0, 3, 12.03
1728730976, 0, 267, 333, 331, 0, 8.69%, 0, 0, 3, 11.05
1728730981, 0, 267, 335, 333, 0, 8.69%, 0, 0, 3, 10.47
1728730992, 0, 267, 338, 336, 0, 8.69%, 0, 0, 3, 10.72
1728731002, 0, 267, 340, 338, 0, 8.69%, 0, 0, 3, 9.57
1728731007, 0, 267, 341, 339, 0, 8.69%, 0, 0, 3, 10.04
1728731012, 0, 267, 343, 341, 0, 8.69%, 0, 0, 3, 10.11
1728731023, 0, 267, 345, 343, 0, 8.69%, 0, 0, 3, 10.20
1728731028, 0, 267, 346, 344, 0, 8.69%, 0, 0, 3, 10.10
1728731033, 0, 267, 347, 345, 0, 8.69%, 0, 0, 3, 10.16
1728731038, 0, 267, 348, 346, 0, 8.69%, 0, 0, 3, 10.60
1728731043, 0, 267, 349, 347, 0, 8.69%, 0, 0, 3, 10.16
1728731049, 0, 267, 350, 348, 0, 8.69%, 0, 0, 3, 10.22
1728731054, 0, 267, 352, 350, 0, 8.69%, 0, 0, 3, 9.94
1728731059, 0, 267, 353, 351, 0, 8.69%, 0, 0, 3, 10.09
1728731064, 0, 267, 354, 352, 0, 8.69%, 0, 0, 3, 11.32
1728731069, 0, 267, 355, 353, 0, 8.70%, 0, 0, 3, 11.68
1728731079, 0, 267, 356, 354, 0, 8.70%, 0, 0, 3, 10.97
1728731085, 0, 320, 357, 354, 10, 8.70%, 0, 0, 3, 11.20
1728731090, 0, 320, 360, 357, 10, 8.70%, 0, 0, 3, 10.79
1728731095, 0, 320, 361, 358, 10, 8.70%, 0, 0, 3, 11.24
1728731100, 0, 320, 363, 360, 10, 8.70%, 0, 0, 3, 11.41
1728731105, 0, 320, 365, 362, 10, 8.71%, 0, 0, 3, 10.93
1728731115, 0, 320, 367, 364, 10, 8.71%, 0, 0, 3, 10.95
1728731121, 0, 320, 368, 365, 10, 8.71%, 0, 0, 3, 11.35
1728731126, 0, 320, 370, 367, 10, 8.71%, 0, 0, 3, 10.81
1728731136, 0, 320, 371, 368, 10, 8.71%, 0, 0, 3, 12.06
1728731141, 0, 320, 372, 369, 10, 8.71%, 0, 0, 3, 11.84
1728731151, 0, 320, 373, 370, 10, 8.71%, 0, 0, 3, 12.02
1728731156, 0, 320, 374, 371, 10, 8.71%, 0, 0, 3, 12.13
1728731162, 0, 320, 375, 372, 10, 8.71%, 0, 0, 3, 11.31
1728731172, 0, 320, 377, 374, 10, 8.71%, 0, 0, 3, 10.94
1728731177, 0, 320, 378, 375, 10, 8.71%, 0, 0, 3, 11.44
1728731193, 0, 320, 379, 376, 10, 8.71%, 0, 0, 3, 11.07
1728731198, 0, 320, 380, 377, 10, 8.71%, 0, 0, 3, 10.67
1728731203, 0, 320, 381, 378, 10, 8.71%, 0, 0, 3, 10.85
1728731213, 0, 320, 382, 379, 10, 8.71%, 0, 0, 3, 11.91
1728731218, 0, 320, 383, 380, 10, 8.71%, 0, 0, 3, 11.62
1728731223, 0, 320, 384, 381, 10, 8.71%, 0, 0, 3, 11.16
1728731244, 0, 320, 385, 382, 10, 8.71%, 0, 0, 3, 12.14
1728731249, 0, 320, 387, 384, 10, 8.71%, 0, 0, 3, 12.02
1728731254, 0, 320, 388, 385, 10, 8.71%, 0, 0, 3, 11.43
1728731259, 0, 320, 391, 388, 10, 8.71%, 0, 0, 3, 10.74
1728731269, 0, 320, 392, 389, 10, 8.71%, 0, 0, 3, 10.15
1728731285, 0, 320, 393, 390, 10, 8.71%, 0, 0, 3, 10.22
1728731290, 0, 320, 394, 391, 10, 8.71%, 0, 0, 3, 10.81
1728731305, 0, 320, 395, 392, 10, 8.71%, 0, 0, 3, 9.91
1728731316, 0, 320, 396, 393, 10, 8.71%, 0, 0, 3, 10.56
1728731321, 0, 320, 398, 395, 10, 8.71%, 0, 0, 3, 10.45
1728731336, 1, 236, 399, 395, 0, 8.71%, 0, 0, 3, 11.68
1728731362, 1, 236, 400, 396, 0, 8.71%, 0, 0, 3, 10.65
1728731367, 1, 236, 401, 397, 0, 8.72%, 0, 0, 3, 10.65
1728731372, 2, 183, 401, 396, 0, 8.72%, 0, 0, 3, 13.37
1728731388, 2, 183, 402, 397, 0, 8.72%, 0, 0, 3, 13.64
1728731393, 2, 183, 404, 399, 0, 8.72%, 0, 0, 3, 13.05
1728731398, 2, 183, 406, 401, 0, 8.72%, 0, 0, 3, 12.13
1728731403, 2, 183, 407, 402, 0, 8.72%, 0, 0, 3, 13.02
1728731418, 2, 183, 408, 403, 0, 8.72%, 0, 0, 3, 12.57
1728731423, 2, 183, 409, 404, 0, 8.72%, 0, 0, 3, 12.39
1728731438, 3, 1, 409, 403, 13, 8.72%, 0, 0, 3, 18.09
1728731443, 3, 1, 411, 405, 13, 8.72%, 0, 0, 3, 17.77
1728731454, 3, 1, 413, 407, 13, 8.72%, 0, 0, 3, 16.33
1728731459, 3, 1, 415, 409, 13, 8.72%, 0, 0, 3, 15.66
1728731464, 3, 1, 416, 410, 13, 8.72%, 0, 0, 3, 16.54
1728731469, 3, 1, 417, 411, 13, 8.72%, 0, 0, 3, 16.18
1728731474, 3, 1, 419, 413, 13, 8.72%, 0, 0, 3, 17.31
1728731480, 3, 1, 421, 415, 13, 8.72%, 0, 0, 3, 18.48
1728731485, 3, 1, 422, 416, 13, 8.72%, 0, 0, 3, 18.35
1728731490, 4, 0, 423, 416, 6, 8.72%, 0, 0, 3, 18.36
1728731500, 4, 0, 423, 416, 6, 8.72%, 1, 0, 3, 18.01
1728731510, 4, 182, 424, 417, 1, 8.72%, 1, 0, 3, 14.80
1728731536, 4, 332, 424, 416, 0, 8.72%, 1, 0, 3, 11.81
1728731551, 4, 332, 426, 418, 0, 8.72%, 1, 0, 4, 9.83
1728731561, 4, 332, 427, 419, 0, 8.72%, 1, 0, 4, 10.18
1728731566, 4, 337, 427, 418, 14, 8.72%, 1, 0, 4, 10.45
1728731571, 4, 337, 428, 419, 14, 8.72%, 1, 0, 4, 10.73
1728731587, 4, 337, 429, 420, 14, 8.72%, 1, 0, 4, 10.18
1728731592, 4, 337, 430, 421, 14, 8.72%, 1, 0, 4, 9.99
1728731597, 4, 337, 431, 422, 14, 8.72%, 1, 0, 4, 10.03
1728731602, 5, 284, 433, 423, 1, 8.72%, 1, 0, 4, 11.02
1728731607, 5, 284, 434, 424, 1, 8.72%, 1, 0, 4, 12.22
1728731612, 5, 284, 435, 425, 1, 8.72%, 1, 0, 4, 13.02
1728731622, 5, 284, 436, 426, 1, 8.72%, 1, 0, 4, 12.95
1728731628, 5, 284, 437, 427, 1, 8.72%, 1, 0, 4, 12.23
1728731633, 5, 284, 439, 429, 1, 8.72%, 1, 0, 4, 11.86
1728731643, 5, 284, 440, 430, 1, 8.72%, 1, 0, 4, 12.90
1728731679, 5, 284, 441, 431, 1, 8.72%, 1, 0, 4, 13.09
1728731705, 5, 284, 442, 432, 1, 8.72%, 1, 0, 4, 13.89
1728731710, 5, 284, 443, 433, 1, 8.72%, 1, 0, 4, 13.04
1728731715, 5, 284, 444, 434, 1, 8.72%, 1, 0, 4, 13.02
1728731720, 5, 284, 445, 435, 1, 8.72%, 1, 0, 4, 12.84
1728731756, 5, 360, 445, 434, 5, 8.72%, 1, 0, 4, 11.24
1728731766, 5, 360, 446, 435, 5, 8.72%, 1, 0, 4, 9.55
1728731777, 5, 360, 448, 437, 5, 8.72%, 1, 0, 4, 9.49
1728731787, 5, 360, 449, 438, 5, 8.72%, 1, 0, 4, 9.10
1728731792, 6, 2, 450, 438, 14, 8.72%, 1, 0, 4, 9.61
1728731797, 6, 2, 451, 439, 14, 8.72%, 1, 0, 4, 14.38
1728731807, 6, 2, 452, 440, 14, 8.72%, 1, 0, 4, 17.54
1728731812, 6, 2, 454, 442, 14, 8.73%, 1, 0, 4, 16.31
1728731818, 6, 2, 456, 444, 14, 8.74%, 1, 0, 4, 17.06
1728731823, 6, 2, 457, 445, 14, 8.75%, 1, 0, 4, 17.80
1728731833, 6, 2, 459, 447, 14, 8.75%, 1, 0, 4, 16.78
1728731838, 6, 2, 460, 448, 14, 8.75%, 1, 0, 4, 17.86
1728731843, 6, 2, 462, 450, 14, 8.75%, 1, 0, 4, 16.23
1728731848, 6, 2, 463, 451, 14, 8.75%, 1, 0, 4, 16.14
1728731854, 6, 2, 464, 452, 14, 8.75%, 1, 0, 4, 18.09
1728731859, 6, 2, 465, 453, 14, 8.75%, 1, 0, 4, 16.80
1728731879, 6, 2, 468, 456, 14, 8.75%, 1, 0, 4, 14.05
1728731884, 6, 2, 469, 457, 14, 8.75%, 1, 0, 4, 14.78
1728731889, 6, 2, 471, 459, 14, 8.75%, 1, 0, 4, 14.86
1728731894, 6, 2, 472, 460, 14, 8.75%, 1, 0, 4, 15.34
1728731900, 6, 2, 472, 460, 14, 8.75%, 2, 0, 4, 15.20
1728731905, 6, 2, 473, 461, 14, 8.75%, 2, 0, 4, 17.86
1728731910, 6, 2, 475, 463, 14, 8.75%, 2, 0, 4, 17.85
1728731915, 6, 2, 476, 464, 14, 8.75%, 2, 0, 4, 19.15
1728731920, 6, 2, 477, 465, 14, 8.75%, 2, 0, 4, 18.30
1728731925, 7, 0, 477, 464, 4, 8.75%, 2, 0, 4, 18.96
1728731936, 7, 0, 478, 465, 4, 8.75%, 2, 0, 4, 16.61
1728731941, 7, 231, 478, 465, 1, 8.75%, 2, 0, 4, 18.79
1728731946, 7, 231, 479, 466, 1, 8.75%, 2, 0, 4, 18.30
1728731961, 7, 354, 479, 465, 8, 8.75%, 2, 0, 4, 13.64
1728731982, 7, 354, 480, 466, 8, 8.75%, 2, 0, 4, 11.52
1728731987, 7, 354, 482, 468, 8, 8.75%, 4, 0, 4, 10.05
1728731992, 7, 354, 483, 469, 8, 8.75%, 4, 0, 4, 9.47
1728732002, 7, 360, 484, 469, 9, 8.75%, 5, 0, 4, 9.61
1728732033, 7, 429, 484, 469, 5, 8.75%, 5, 0, 4, 10.49
1728732044, 7, 429, 485, 470, 5, 8.75%, 5, 0, 5, 8.14
1728732049, 7, 429, 486, 471, 5, 8.75%, 5, 0, 5, 7.82
1728732054, 7, 429, 487, 472, 5, 8.75%, 5, 0, 5, 7.85
1728732100, 7, 429, 488, 473, 5, 8.75%, 5, 0, 5, 7.60
1728732239, 7, 429, 489, 474, 5, 8.75%, 5, 0, 5, 7.87
1728732264, 7, 429, 490, 475, 5, 8.75%, 5, 0, 5, 7.25
1728732269, 7, 429, 491, 476, 5, 8.75%, 5, 0, 5, 7.15
1728732280, 7, 429, 492, 477, 5, 8.75%, 5, 0, 5, 7.20
1728732290, 7, 429, 493, 478, 5, 8.75%, 6, 0, 5, 6.98
1728732300, 7, 429, 493, 478, 5, 8.75%, 7, 0, 5, 7.67
1728732305, 8, 401, 493, 477, 5, 8.75%, 7, 0, 5, 11.90
1728732310, 8, 401, 494, 478, 5, 8.75%, 7, 0, 5, 13.34
1728732326, 8, 401, 495, 479, 5, 8.75%, 7, 0, 5, 13.72
1728732331, 8, 401, 496, 480, 5, 8.75%, 7, 0, 5, 13.57
1728732341, 9, 3, 497, 480, 15, 8.75%, 7, 0, 5, 15.44
1728732351, 9, 3, 498, 481, 15, 8.75%, 7, 0, 5, 16.82
1728732356, 9, 3, 501, 484, 15, 8.75%, 7, 0, 5, 15.07
1728732361, 9, 3, 504, 487, 15, 8.75%, 7, 0, 5, 14.04
1728732372, 9, 3, 506, 489, 15, 8.75%, 7, 0, 5, 15.43
1728732377, 9, 3, 507, 490, 15, 8.75%, 7, 0, 5, 18.05
1728732382, 9, 3, 508, 491, 15, 8.75%, 7, 0, 5, 16.60
1728732387, 9, 3, 509, 492, 15, 8.75%, 7, 0, 5, 16.64
1728732392, 10, 1, 509, 491, 4, 8.75%, 7, 0, 5, 17.42
1728732408, 10, 325, 509, 491, 4, 8.75%, 7, 0, 5, 13.68
1728732433, 10, 367, 511, 492, 4, 8.75%, 7, 0, 5, 8.75
1728732459, 10, 367, 513, 494, 4, 8.75%, 7, 0, 5, 8.21
1728732475, 10, 367, 514, 495, 4, 8.75%, 7, 0, 5, 8.91
1728732490, 10, 372, 514, 494, 7, 8.75%, 7, 0, 5, 9.97
1728732516, 10, 372, 515, 495, 7, 8.75%, 7, 0, 5, 10.08
1728732521, 10, 438, 515, 494, 7, 8.75%, 7, 0, 5, 9.89
1728732557, 11, 404, 515, 493, 6, 8.75%, 7, 0, 5, 11.13
1728732562, 11, 404, 515, 493, 6, 8.75%, 8, 0, 5, 10.85
1728732567, 11, 404, 516, 494, 6, 8.76%, 8, 0, 5, 10.34
1728732583, 11, 404, 517, 495, 6, 8.76%, 8, 0, 5, 10.35
1728732593, 12, 4, 519, 496, 14, 8.76%, 8, 0, 5, 13.99
1728732598, 12, 4, 520, 497, 14, 8.76%, 8, 0, 5, 15.70
1728732614, 12, 4, 521, 498, 14, 8.76%, 8, 0, 5, 16.39
1728732624, 12, 4, 523, 500, 14, 8.76%, 8, 0, 5, 17.43
1728732634, 12, 4, 524, 501, 14, 8.76%, 8, 0, 5, 15.50
1728732644, 12, 4, 525, 502, 14, 8.76%, 8, 0, 5, 15.66
1728732665, 12, 4, 525, 502, 14, 8.76%, 9, 0, 5, 16.19
1728732680, 12, 4, 526, 503, 14, 8.76%, 9, 0, 5, 16.50
1728732685, 12, 4, 528, 505, 14, 8.76%, 9, 0, 5, 14.68
1728732690, 12, 4, 529, 506, 14, 8.76%, 11, 0, 5, 14.02
1728732695, 12, 4, 530, 507, 14, 8.76%, 11, 0, 5, 13.56
1728732701, 12, 4, 531, 508, 14, 8.76%, 11, 0, 5, 13.21
1728732706, 13, 1, 532, 508, 3, 8.76%, 13, 0, 5, 15.60
1728732711, 13, 1, 533, 509, 3, 8.76%, 13, 0, 5, 18.94
1728732716, 13, 1, 533, 509, 3, 8.76%, 14, 0, 5, 20.49
1728732721, 13, 1, 534, 510, 3, 8.76%, 14, 0, 5, 17.83
1728732731, 13, 326, 534, 510, 3, 8.76%, 14, 0, 5, 16.79
1728732742, 13, 326, 535, 511, 3, 8.76%, 14, 0, 5, 11.22
1728732747, 13, 326, 536, 512, 3, 8.76%, 14, 0, 5, 10.82
1728732757, 13, 326, 537, 513, 3, 8.76%, 14, 0, 5, 11.51
1728732767, 13, 375, 538, 513, 8, 8.76%, 14, 0, 5, 9.47
1728732793, 13, 375, 539, 514, 8, 8.76%, 14, 0, 5, 9.90
1728732798, 13, 375, 542, 517, 8, 8.76%, 14, 0, 5, 8.45
1728732803, 13, 375, 544, 519, 8, 8.79%, 14, 0, 5, 8.65
1728732809, 13, 375, 544, 519, 8, 8.79%, 15, 0, 5, 8.26
1728732814, 13, 375, 546, 521, 8, 8.79%, 16, 0, 5, 8.90
1728732819, 13, 375, 547, 522, 8, 8.79%, 18, 0, 5, 8.43
1728732824, 13, 375, 548, 523, 8, 8.79%, 18, 0, 5, 9.12
1728732829, 13, 375, 549, 524, 8, 8.79%, 18, 0, 5, 7.69
1728732834, 13, 375, 550, 525, 8, 8.79%, 19, 0, 5, 7.88
1728732845, 13, 375, 551, 526, 8, 8.79%, 19, 0, 5, 8.78
1728732850, 13, 375, 552, 527, 8, 8.79%, 19, 0, 5, 7.47
1728732860, 13, 375, 553, 528, 8, 8.81%, 19, 0, 5, 8.61
1728732865, 13, 375, 554, 529, 8, 8.81%, 19, 0, 5, 8.31
1728732875, 13, 375, 554, 529, 8, 8.81%, 20, 0, 5, 8.45
1728732880, 13, 375, 555, 530, 8, 8.81%, 20, 0, 5, 8.37
1728732886, 13, 375, 555, 530, 8, 8.81%, 21, 0, 5, 8.61
1728732891, 13, 375, 555, 530, 8, 8.81%, 22, 0, 5, 9.06
1728732896, 13, 375, 556, 531, 8, 8.81%, 22, 0, 5, 8.82
1728732901, 13, 375, 556, 530, 14, 8.81%, 22, 0, 5, 9.12
1728732916, 13, 375, 557, 531, 14, 8.81%, 22, 0, 5, 9.93
1728732931, 13, 440, 557, 531, 4, 8.81%, 22, 0, 5, 10.33
1728732937, 13, 440, 558, 532, 4, 8.81%, 22, 0, 5, 9.52
1728732952, 13, 440, 559, 533, 4, 8.81%, 22, 0, 5, 9.45
1728732957, 13, 440, 560, 534, 4, 8.81%, 22, 0, 5, 8.94
1728732968, 13, 440, 561, 535, 4, 8.81%, 22, 0, 5, 8.77
1728732973, 13, 440, 562, 536, 4, 8.81%, 22, 0, 5, 9.15
1728732978, 13, 440, 563, 537, 4, 8.81%, 22, 0, 5, 9.39
1728733004, 13, 440, 564, 538, 4, 8.81%, 22, 0, 5, 8.88
1728733029, 13, 440, 565, 539, 4, 8.81%, 22, 0, 5, 9.20
1728733080, 13, 440, 566, 540, 4, 8.81%, 22, 0, 5, 9.60
1728733096, 14, 405, 566, 539, 4, 8.81%, 22, 0, 5, 10.22
1728733111, 14, 405, 568, 541, 4, 8.81%, 22, 0, 5, 10.07
1728733126, 14, 405, 569, 542, 4, 8.81%, 22, 0, 5, 11.46
1728733131, 14, 405, 570, 543, 4, 8.81%, 22, 0, 5, 10.33
1728733141, 15, 387, 570, 542, 12, 8.81%, 22, 0, 5, 10.07
1728733167, 16, 5, 570, 541, 12, 8.81%, 22, 0, 5, 11.31
1728733173, 16, 5, 572, 543, 12, 8.81%, 22, 0, 5, 13.47
1728733178, 16, 5, 573, 544, 12, 8.81%, 22, 0, 5, 16.54
1728733183, 16, 5, 574, 545, 12, 8.81%, 25, 0, 5, 15.72
1728733188, 16, 5, 574, 545, 12, 8.81%, 26, 0, 5, 16.54
1728733193, 16, 5, 575, 546, 12, 8.81%, 26, 0, 5, 16.67
1728733198, 16, 5, 576, 547, 12, 8.81%, 26, 0, 5, 15.66
1728733209, 16, 392, 577, 547, 12, 8.81%, 26, 0, 5, 15.30
1728733240, 16, 394, 578, 547, 11, 8.81%, 26, 0, 5, 8.86
1728733276, 16, 394, 579, 548, 11, 8.81%, 26, 0, 5, 8.85
1728733281, 16, 407, 579, 547, 12, 8.81%, 26, 0, 5, 9.51
1728733306, 16, 407, 580, 548, 12, 8.81%, 26, 0, 5, 9.12
1728733316, 17, 6, 580, 547, 17, 8.81%, 26, 0, 5, 14.47
1728733322, 17, 6, 581, 548, 17, 8.81%, 26, 0, 5, 16.61
1728733327, 17, 6, 582, 549, 17, 8.81%, 26, 0, 5, 14.76
1728733332, 17, 6, 584, 551, 17, 8.81%, 26, 0, 5, 14.78
1728733347, 17, 80, 584, 550, 18, 8.81%, 26, 0, 5, 15.29
1728733357, 17, 80, 585, 551, 18, 8.81%, 26, 0, 5, 13.99
1728733367, 17, 90, 586, 551, 20, 8.81%, 26, 0, 5, 13.72
1728733387, 17, 406, 586, 550, 20, 8.81%, 26, 0, 5, 13.82
1728733393, 17, 406, 587, 551, 20, 8.82%, 26, 0, 5, 11.94
1728733413, 17, 406, 588, 552, 20, 8.82%, 26, 0, 5, 9.77
1728733418, 17, 406, 589, 553, 20, 8.82%, 26, 0, 5, 9.63
1728733429, 17, 406, 590, 554, 20, 8.82%, 26, 0, 5, 9.73
1728733439, 18, 91, 590, 553, 17, 8.82%, 26, 0, 5, 11.98
1728733444, 18, 91, 591, 554, 17, 8.82%, 27, 0, 5, 12.00
1728733464, 18, 216, 591, 553, 17, 8.82%, 27, 0, 5, 14.27
1728733470, 18, 216, 592, 554, 17, 8.82%, 27, 0, 5, 13.24
1728733480, 18, 216, 592, 554, 17, 8.82%, 28, 0, 5, 13.68
1728733485, 18, 231, 592, 553, 17, 8.82%, 28, 0, 5, 15.49
1728733495, 18, 231, 595, 556, 17, 8.82%, 28, 0, 5, 13.79
1728733500, 18, 231, 596, 557, 17, 8.82%, 28, 0, 5, 15.52
1728733506, 18, 231, 598, 559, 17, 8.82%, 28, 0, 5, 14.70
1728733511, 18, 231, 599, 560, 17, 8.82%, 28, 0, 5, 15.31
1728733516, 18, 231, 600, 561, 17, 8.82%, 28, 0, 5, 12.29
1728733521, 18, 231, 601, 562, 17, 8.82%, 28, 0, 5, 14.82
1728733531, 18, 231, 603, 564, 17, 8.82%, 28, 0, 5, 13.34
1728733552, 18, 340, 603, 564, 2, 8.82%, 28, 0, 5, 11.80
1728733577, 18, 392, 603, 563, 2, 8.82%, 28, 0, 5, 9.33
1728733588, 18, 392, 604, 564, 2, 8.82%, 28, 0, 5, 8.21
1728733613, 18, 425, 604, 564, 11, 8.82%, 28, 0, 5, 7.92
1728733665, 18, 425, 605, 565, 11, 8.82%, 28, 0, 5, 8.67
1728733685, 18, 425, 606, 566, 11, 8.82%, 28, 0, 5, 7.90
1728733690, 18, 425, 607, 567, 11, 8.82%, 28, 0, 5, 7.72
1728733696, 18, 425, 607, 567, 11, 8.82%, 29, 0, 5, 7.35
1728733731, 18, 425, 609, 569, 11, 8.82%, 29, 0, 5, 7.77
1728733737, 18, 425, 611, 571, 11, 8.82%, 29, 0, 5, 7.40
1728733742, 18, 425, 612, 572, 11, 8.82%, 29, 0, 5, 7.93
1728733747, 18, 425, 614, 574, 11, 8.84%, 29, 0, 5, 7.98
1728733752, 18, 425, 615, 575, 11, 8.84%, 29, 0, 5, 8.06
1728733757, 18, 425, 616, 576, 11, 8.84%, 29, 0, 5, 8.99
1728733768, 18, 448, 616, 575, 4, 8.84%, 29, 0, 5, 8.33
1728733839, 18, 448, 617, 576, 4, 8.84%, 29, 0, 5, 7.93
1728733850, 18, 448, 618, 577, 4, 8.84%, 29, 0, 5, 8.54
1728733860, 18, 448, 620, 579, 4, 8.85%, 29, 0, 5, 7.91
1728733906, 18, 492, 620, 578, 6, 8.85%, 29, 0, 5, 7.67
1728734030, 19, 247, 621, 578, 5, 8.85%, 29, 0, 5, 7.87
1728734060, 19, 494, 621, 577, 8, 8.85%, 29, 0, 5, 11.02
1728734091, 19, 494, 622, 578, 8, 8.85%, 29, 0, 5, 11.15
1728734101, 19, 494, 623, 579, 8, 8.85%, 29, 0, 5, 10.19
1728734116, 19, 494, 624, 580, 8, 8.85%, 29, 0, 5, 11.22
1728734132, 19, 494, 625, 581, 8, 8.85%, 29, 0, 5, 10.99
1728734142, 19, 494, 626, 582, 8, 8.85%, 29, 0, 5, 11.13
1728734158, 19, 494, 627, 583, 8, 8.98%, 29, 0, 5, 10.87
1728734163, 19, 494, 628, 584, 8, 8.98%, 29, 0, 5, 11.17
1728734194, 19, 494, 629, 585, 8, 8.98%, 29, 0, 5, 10.92
1728734214, 19, 494, 630, 586, 8, 8.98%, 30, 0, 5, 10.35
1728734219, 19, 494, 631, 587, 8, 8.98%, 30, 0, 5, 9.24
1728734245, 19, 494, 633, 589, 8, 8.98%, 30, 0, 5, 10.10
1728734260, 19, 494, 634, 590, 8, 8.98%, 30, 0, 5, 9.98
1728734270, 19, 494, 635, 591, 8, 8.98%, 30, 0, 5, 10.86
1728734286, 19, 494, 636, 592, 8, 8.98%, 30, 0, 5, 11.22
1728734291, 19, 494, 637, 593, 8, 8.98%, 30, 0, 5, 10.56
1728734301, 19, 494, 638, 594, 8, 8.98%, 30, 0, 5, 10.56
1728734337, 20, 482, 638, 593, 15, 8.98%, 30, 0, 5, 11.02
1728734378, 20, 482, 639, 594, 15, 8.98%, 30, 0, 5, 7.82
1728734450, 20, 482, 640, 595, 15, 8.98%, 30, 0, 5, 8.49
1728734471, 20, 482, 641, 596, 15, 8.98%, 31, 0, 5, 7.64
1728734476, 20, 482, 642, 597, 15, 8.98%, 31, 0, 5, 7.53
