# unix_time, cycles_done, cur_path, paths_total, pending_total, pending_favs, map_size, unique_crashes, unique_hangs, max_depth, execs_per_sec
1729052825, 0, 0, 7, 7, 7, 7.12%, 0, 0, 1, 46.70
1729052835, 0, 0, 19, 19, 7, 7.17%, 0, 0, 2, 47.21
1729052840, 0, 0, 24, 24, 7, 7.18%, 0, 0, 2, 47.28
1729052845, 0, 0, 33, 33, 7, 7.24%, 0, 0, 2, 47.46
1729052850, 0, 0, 34, 34, 7, 7.24%, 0, 0, 2, 46.27
1729052866, 0, 0, 37, 37, 7, 7.26%, 0, 0, 2, 48.27
1729052871, 0, 0, 40, 40, 7, 7.27%, 0, 0, 2, 47.73
1729052876, 0, 0, 47, 47, 7, 7.31%, 0, 0, 2, 48.19
1729052881, 0, 0, 49, 49, 7, 7.31%, 0, 0, 2, 47.17
1729052886, 0, 0, 50, 50, 7, 7.31%, 0, 0, 2, 47.13
1729052891, 0, 0, 53, 53, 7, 7.32%, 0, 0, 2, 47.70
1729052896, 0, 0, 56, 56, 7, 7.32%, 0, 0, 2, 47.59
1729052902, 0, 0, 60, 60, 7, 7.33%, 0, 0, 2, 47.39
1729052907, 0, 0, 62, 62, 7, 7.33%, 0, 0, 2, 47.04
1729052912, 0, 0, 67, 67, 7, 7.40%, 0, 0, 2, 47.33
1729052917, 0, 0, 68, 68, 7, 7.40%, 0, 0, 2, 47.19
1729052922, 0, 0, 69, 69, 7, 7.40%, 0, 0, 2, 47.02
1729052927, 0, 0, 72, 72, 7, 7.40%, 0, 0, 2, 47.75
1729052932, 0, 0, 76, 76, 7, 7.41%, 0, 0, 2, 46.87
1729052937, 0, 0, 77, 77, 7, 7.42%, 0, 0, 2, 47.32
1729052942, 0, 0, 78, 78, 7, 7.42%, 0, 0, 2, 47.34
1729052947, 0, 0, 79, 79, 7, 7.42%, 0, 0, 2, 46.38
1729052983, 0, 0, 80, 80, 7, 7.42%, 0, 0, 2, 47.00
1729052999, 0, 0, 81, 81, 7, 7.42%, 0, 0, 2, 47.27
1729053004, 0, 0, 82, 82, 7, 7.42%, 0, 0, 2, 46.86
1729053024, 0, 0, 84, 84, 7, 7.42%, 0, 0, 2, 47.59
1729053034, 0, 0, 85, 85, 7, 7.42%, 0, 0, 2, 46.88
1729053060, 0, 0, 86, 86, 7, 7.42%, 0, 0, 2, 48.08
1729053075, 0, 0, 87, 87, 7, 7.42%, 0, 0, 2, 47.30
1729053080, 0, 0, 89, 89, 7, 7.48%, 0, 0, 2, 48.02
1729053111, 0, 0, 90, 90, 7, 7.48%, 0, 0, 2, 47.60
1729053147, 0, 0, 91, 91, 7, 7.48%, 0, 0, 2, 47.53
1729053152, 0, 0, 92, 92, 7, 7.48%, 0, 0, 2, 47.87
1729053162, 0, 0, 93, 93, 7, 7.49%, 0, 0, 2, 47.36
1729053197, 0, 0, 94, 94, 7, 7.49%, 0, 0, 2, 47.84
1729053218, 0, 0, 95, 95, 7, 7.50%, 0, 0, 2, 46.99
1729053340, 0, 0, 96, 96, 7, 7.50%, 0, 0, 2, 48.54
1729053712, 0, 0, 100, 100, 7, 7.50%, 0, 0, 2, 49.02
1729053717, 0, 0, 102, 102, 7, 7.50%, 0, 0, 2, 49.19
1729053737, 0, 0, 103, 103, 7, 7.50%, 0, 0, 2, 49.50
1729053783, 0, 0, 107, 107, 7, 7.51%, 0, 0, 2, 47.24
1729053804, 0, 0, 110, 110, 7, 7.52%, 0, 0, 2, 48.09
1729053814, 0, 0, 114, 114, 7, 7.52%, 0, 0, 2, 47.28
1729053819, 0, 0, 116, 116, 7, 7.52%, 0, 0, 2, 47.27
1729053835, 0, 0, 119, 119, 7, 7.52%, 0, 0, 2, 47.07
1729053845, 0, 0, 122, 122, 7, 7.53%, 0, 0, 2, 47.69
1729053850, 0, 0, 123, 123, 7, 7.53%, 0, 0, 2, 47.44
1729054141, 0, 0, 124, 124, 7, 7.53%, 0, 0, 2, 49.38
1729054147, 0, 0, 125, 125, 7, 7.53%, 0, 0, 2, 49.04
1729054459, 0, 0, 126, 126, 7, 7.53%, 0, 0, 2, 48.57
1729054464, 0, 0, 127, 127, 7, 7.53%, 0, 0, 2, 48.46
1729054618, 0, 0, 131, 131, 7, 7.53%, 0, 0, 2, 48.11
1729054628, 0, 0, 133, 133, 7, 7.53%, 0, 0, 2, 47.15
1729054633, 0, 0, 135, 135, 7, 7.53%, 0, 0, 2, 47.10
1729054694, 0, 0, 136, 136, 7, 7.53%, 0, 0, 2, 48.78
1729054699, 0, 0, 137, 137, 7, 7.53%, 0, 0, 2, 48.52
1729054709, 0, 0, 140, 140, 7, 7.82%, 0, 0, 2, 48.04
1729054714, 0, 0, 141, 141, 7, 7.82%, 0, 0, 2, 48.81
1729054719, 0, 0, 142, 142, 7, 7.82%, 0, 0, 2, 48.78
1729054725, 0, 0, 143, 143, 7, 7.82%, 0, 0, 2, 49.20
1729054730, 0, 0, 144, 144, 7, 7.82%, 0, 0, 2, 49.14
1729054735, 0, 0, 145, 145, 7, 7.82%, 0, 0, 2, 48.93
1729054811, 0, 0, 146, 146, 7, 7.82%, 0, 0, 2, 49.07
1729054867, 0, 0, 150, 150, 7, 7.82%, 0, 0, 2, 48.08
1729054872, 0, 0, 155, 155, 7, 7.82%, 0, 0, 2, 47.47
1729054877, 0, 0, 158, 158, 7, 7.82%, 0, 0, 2, 47.21
1729054903, 0, 0, 161, 161, 7, 7.82%, 0, 0, 2, 46.95
1729054953, 0, 0, 162, 162, 7, 7.82%, 0, 0, 2, 48.04
1729055131, 0, 0, 164, 164, 7, 7.82%, 0, 0, 2, 47.68
1729055161, 0, 0, 165, 165, 7, 7.82%, 0, 0, 2, 46.81
1729055351, 0, 0, 166, 166, 7, 7.83%, 0, 0, 2, 47.63
1729055422, 0, 0, 170, 170, 7, 7.83%, 0, 0, 2, 48.19
1729055428, 0, 0, 196, 196, 7, 7.83%, 0, 0, 2, 47.96
1729055433, 0, 0, 211, 211, 7, 7.83%, 0, 0, 2, 49.52
1729055438, 0, 0, 223, 223, 7, 7.85%, 0, 0, 2, 49.77
1729055443, 0, 0, 236, 236, 7, 7.85%, 0, 0, 2, 49.53
1729055448, 0, 0, 247, 247, 7, 7.85%, 0, 0, 2, 49.08
1729055453, 0, 0, 259, 259, 7, 7.85%, 0, 0, 2, 49.49
1729055458, 0, 0, 269, 269, 7, 7.85%, 0, 0, 2, 49.05
1729055463, 0, 0, 275, 275, 7, 7.85%, 0, 0, 2, 49.41
1729055468, 0, 0, 282, 282, 7, 7.86%, 0, 0, 2, 50.01
1729055473, 0, 0, 286, 286, 7, 7.86%, 0, 0, 2, 49.78
1729055478, 0, 0, 290, 290, 7, 7.86%, 0, 0, 2, 50.20
1729055484, 0, 0, 292, 292, 7, 7.86%, 0, 0, 2, 50.13
1729055489, 0, 0, 297, 297, 7, 7.86%, 0, 0, 2, 49.70
1729055494, 0, 0, 303, 303, 7, 7.88%, 0, 0, 2, 48.85
1729055499, 0, 0, 306, 306, 7, 7.88%, 0, 0, 2, 48.37
1729055504, 0, 0, 307, 307, 7, 7.88%, 0, 0, 2, 48.88
1729055509, 0, 0, 308, 308, 7, 7.88%, 0, 0, 2, 49.60
1729055514, 0, 0, 309, 309, 7, 7.88%, 0, 0, 2, 49.10
1729055519, 0, 0, 311, 311, 7, 7.88%, 0, 0, 2, 49.28
1729055524, 0, 0, 312, 312, 7, 7.88%, 0, 0, 2, 49.69
1729055529, 0, 0, 314, 314, 7, 7.88%, 0, 0, 2, 49.07
1729055535, 0, 0, 316, 316, 7, 7.88%, 0, 0, 2, 49.15
1729055540, 0, 0, 317, 317, 7, 7.88%, 0, 0, 2, 49.80
1729055545, 0, 0, 318, 318, 7, 7.88%, 0, 0, 2, 49.41
1729055550, 0, 0, 320, 320, 7, 7.88%, 0, 0, 2, 49.67
1729055555, 0, 0, 321, 321, 7, 7.88%, 0, 0, 2, 49.86
1729055565, 0, 0, 323, 323, 7, 7.88%, 0, 0, 2, 49.47
1729055570, 0, 0, 324, 324, 7, 7.88%, 0, 0, 2, 49.72
1729055580, 0, 0, 326, 326, 7, 7.88%, 0, 0, 2, 49.58
1729055586, 0, 1, 326, 325, 58, 7.88%, 0, 0, 2, 48.88
1729055591, 0, 1, 327, 326, 58, 7.88%, 0, 0, 2, 47.70
1729055821, 0, 1, 328, 327, 58, 7.89%, 0, 0, 2, 48.06
1729056471, 0, 1, 329, 328, 58, 7.89%, 0, 0, 2, 47.81
